mono pinhole calibration...
D = [-0.4132150049411524, 0.13934600010400264, 0.00020720568132553968, -0.001087877774135306, 0.0]
K = [378.86264626184555, 0.0, 324.0089587628068, 0.0, 501.87715673022643, 261.06816322715224, 0.0, 0.0, 1.0]
R = [1.0, 0.0, 0.0, 0.0, 1.0, 0.0, 0.0, 0.0, 1.0]
P = [272.59601326634464, 0.0, 321.7229145216991, 0.0, 0.0, 446.3528140775898, 266.9717269360344, 0.0, 0.0, 0.0, 1.0, 0.0]
None
# oST version 5.0 parameters


[image]

width
640

height
480

[narrow_stereo]

camera matrix
378.862646 0.000000 324.008959
0.000000 501.877157 261.068163
0.000000 0.000000 1.000000

distortion
-0.413215 0.139346 0.000207 -0.001088 0.000000

rectification
1.000000 0.000000 0.000000
0.000000 1.000000 0.000000
0.000000 0.000000 1.000000

projection
272.596013 0.000000 321.722915 0.000000
0.000000 446.352814 266.971727 0.000000
0.000000 0.000000 1.000000 0.000000

**** Calibrating ****
mono pinhole calibration...
D = [-0.41321520031092895, 0.1393461289337445, 0.00020720461198492384, -0.0010878796547246217, 0.0]
K = [378.8627375554635, 0.0, 324.00896096632147, 0.0, 501.87727756606193, 261.06816578489145, 0.0, 0.0, 1.0]
R = [1.0, 0.0, 0.0, 0.0, 1.0, 0.0, 0.0, 0.0, 1.0]
P = [272.59607671151156, 0.0, 321.722914323781, 0.0, 0.0, 446.3529217950744, 266.97172952940946, 0.0, 0.0, 0.0, 1.0, 0.0]
None
# oST version 5.0 parameters


[image]

width
640

height
480

[narrow_stereo]

camera matrix
378.862738 0.000000 324.008961
0.000000 501.877278 261.068166
0.000000 0.000000 1.000000

distortion
-0.413215 0.139346 0.000207 -0.001088 0.000000

rectification
1.000000 0.000000 0.000000
0.000000 1.000000 0.000000
0.000000 0.000000 1.000000

projection
272.596077 0.000000 321.722914 0.000000
0.000000 446.352922 266.971730 0.000000
0.000000 0.000000 1.000000 0.000000

